 9.501293e-01  2.311385e-01   1.213685e+00    
 4.859825e-01  8.912990e-01   1.524194e+00    
 4.564677e-01  1.850364e-02   1.642814e+00    
 4.447034e-01  6.154323e-01   1.583874e+00    
 9.218130e-01  7.382072e-01   3.525323e-01    
 4.057062e-01  9.354697e-01   1.833809e+00    
 4.102702e-01  8.936495e-01   1.157826e-01    
 3.528681e-01  8.131665e-01   1.972260e-02    
 1.388909e-01  2.027652e-01   3.974435e-01    
 6.037925e-01  2.721879e-01   3.976285e-01    
 1.527393e-02  7.467857e-01   8.901929e-01    
 9.318146e-01  4.659943e-01   8.372989e-01    
 8.462214e-01  5.251525e-01   4.052947e-01    
 6.721375e-01  8.381184e-01   3.927903e-02    
 6.812772e-01  3.794810e-01   1.663592e+00    
 5.028129e-01  7.094714e-01   8.577847e-01    
 3.046174e-01  1.896537e-01   3.868623e-01    
 6.822232e-01  3.027644e-01   1.083348e+00    
 1.508730e-01  6.978985e-01   7.567460e-01    
 8.600116e-01  8.536551e-01   1.187126e+00    
 4.965524e-01  8.997692e-01   1.643258e+00    
 6.449104e-01  8.179743e-01   1.320455e+00    
 3.419706e-01  2.897259e-01   6.823871e-01    
 5.340790e-01  7.271132e-01   6.185803e-01    
 8.384960e-01  5.680725e-01   7.408271e-01    
 7.027399e-01  5.465712e-01   8.897604e-01    
 6.945672e-01  6.213101e-01   1.589642e+00    
 9.568434e-01  5.225903e-01   1.760284e+00    
 1.729561e-01  9.797469e-01   5.428945e-01    
 2.523293e-01  8.757419e-01   1.474612e+00    
 1.365187e-01  1.175669e-02   1.787796e+00    
 1.991381e-01  2.987230e-01   1.322885e+00    
 2.844086e-01  4.692243e-01   1.295622e-01    
 9.883349e-01  5.827917e-01   8.469925e-01    
 5.155118e-01  3.339515e-01   8.658132e-01    
 2.259499e-01  5.798069e-01   1.520730e+00    
 5.298231e-01  6.405265e-01   4.181388e-01    
 3.798184e-01  7.833286e-01   1.361692e+00    
 4.610951e-01  5.678287e-01   1.588421e+00    
 5.918259e-02  6.028691e-01   1.005376e-01    
 4.153749e-01  3.049987e-01   1.748734e+00    
 1.500950e-02  7.679504e-01   1.941690e+00    
 9.900826e-01  7.888617e-01   8.773171e-01    
 4.983113e-01  2.139633e-01   1.286985e+00    
 3.200356e-01  9.600986e-01   1.453264e+00    
 4.119532e-01  7.445658e-01   5.358945e-01    
 4.399243e-01  9.333801e-01   1.366665e+00    
 2.125599e-01  8.392382e-01   1.257569e+00    
 1.337727e-01  2.071327e-01   1.214398e+00    
 6.298878e-01  3.704768e-01   1.150296e+00    
 4.514248e-01  4.389533e-02   5.437025e-02    
 3.126850e-01  1.286257e-02   7.679346e-01    
 6.831160e-01  9.284246e-02   7.067665e-02    
 6.123955e-01  6.085404e-01   3.151964e-02    
 1.635493e-02  1.900746e-01   1.173837e+00    
 5.758109e-02  3.675680e-01   1.262902e+00    
 7.176344e-01  6.926694e-01   1.681581e-01    
 4.543551e-01  4.418283e-01   7.065009e-01    
 1.536064e-01  6.756446e-01   1.398427e+00    
 7.275091e-01  4.783844e-01   1.109684e+00    
 1.210471e-01  4.507539e-01   1.431766e+00    
 8.928416e-01  2.731025e-01   5.095386e-01    
 8.656035e-01  2.323504e-01   1.609743e+00    
 9.083975e-01  2.318943e-01   4.786251e-01    
 4.975448e-02  7.838407e-02   1.281631e+00    
 1.908866e-01  8.438695e-01   3.478005e-01    
 1.707928e-01  9.942955e-01   8.795817e-01    
 3.400479e-01  3.142173e-01   7.301568e-01    
 3.932396e-01  5.915252e-01   2.394932e-01    
 3.812880e-02  4.585980e-01   1.739735e+00    
 9.342365e-01  2.644492e-01   3.206007e-01    
 8.728553e-01  2.378803e-01   1.291662e+00    
 9.668874e-01  6.649312e-01   1.740762e+00    
 9.927305e-03  1.370099e-01   1.637512e+00    
 4.301660e-01  8.903217e-01   1.469816e+00    
 6.873236e-01  3.461120e-01   3.320695e-01    
 1.556126e-01  1.911163e-01   8.449031e-01    
 8.559757e-01  4.902500e-01   1.631870e+00    
 4.607698e-01  4.573544e-01   9.013778e-01    
 4.122191e-01  9.016098e-01   1.116788e-02    
 2.974057e-01  4.916249e-02   1.386361e+00    
 6.501064e-01  9.829878e-01   1.105346e+00    
 4.000735e-01  1.987885e-01   1.250402e+00    
 7.333628e-01  3.758855e-01   1.975293e-02    
 4.198578e-01  7.536696e-01   1.587744e+00    
 9.199572e-01  8.447215e-01   7.355058e-01    
 6.208013e-01  7.312773e-01   3.877864e-01    
 9.048123e-01  5.692057e-01   1.263580e+00    
 2.344130e-01  5.487821e-01   1.863167e+00    
 3.351974e-01  6.555311e-01   7.838084e-01    
 6.273148e-01  6.990801e-01   7.943679e-01    
 4.136289e-01  6.552129e-01   1.675170e+00    
 3.716080e-01  4.252532e-01   1.189327e+00    
 5.657386e-01  7.165424e-01   1.022623e+00    
 7.764012e-01  4.893455e-01   3.718089e-01    
 7.006354e-01  9.827088e-01   1.613275e+00    
 7.035677e-01  4.849637e-01   2.292256e-01    
 6.648556e-01  3.653739e-01   2.800889e-01    
 5.667728e-01  8.230083e-01   1.347897e+00    
 9.994473e-01  9.616364e-01   1.177243e-01    
 3.603112e-01  5.485128e-01   5.235391e-01    
 5.973448e-01  4.927800e-02   1.142115e+00    
 7.008572e-01  9.622883e-01   1.501036e+00    
 7.399930e-01  4.318734e-01   1.268532e+00    
 8.030263e-01  8.388101e-02   1.890926e+00    
 9.159425e-01  6.019874e-01   5.071212e-01    
 8.734508e-01  5.134007e-01   1.465301e+00    
 4.222266e-01  9.613700e-01   1.441185e-01    
 5.534080e-01  2.919839e-01   1.715927e+00    
 3.357551e-01  6.802039e-01   1.068888e-01    
 3.566555e-01  4.983046e-01   8.688811e-01    
 5.624584e-01  6.166211e-01   2.266800e-01    
 8.982517e-01  7.545514e-01   1.582246e+00    
 8.149521e-01  6.700039e-01   4.017528e-01    
 2.730882e-01  6.262346e-01   1.073703e+00    
 5.950405e-02  8.896176e-02   5.426163e-01    
 4.090723e-01  4.740415e-01   1.817979e+00    
 5.962471e-01  3.289553e-01   9.563889e-01    
 5.971708e-01  1.614488e-01   1.658949e+00    
 9.561224e-01  5.955480e-01   5.749643e-02    
 8.121178e-01  6.101136e-01   1.402985e+00    
 9.219620e-02  4.248891e-01   7.511533e-01    
 1.661541e-01  8.331515e-01   1.677279e+00    
 4.516140e-01  9.566014e-01   2.943065e-01    
 8.699329e-01  7.694364e-01   8.883232e-01    
 6.206201e-01  9.516893e-01   1.280019e+00    
 2.473276e-01  3.527020e-01   3.757210e-01    
 4.906444e-01  4.092743e-01   9.270512e-01    
 6.109435e-01  7.116847e-02   6.285606e-01    
 6.083837e-01  1.750202e-01   1.242055e+00    
 2.459599e-01  5.873582e-01   1.012107e+00    
 4.647789e-01  5.414189e-01   1.884653e+00    
 3.417591e-01  4.018043e-01   6.153759e-01    
 4.115680e-01  2.859392e-01   7.882552e-01    
 5.030145e-01  7.219798e-01   6.124171e-01    
 1.121637e-01  4.432900e-01   9.335251e-01    
 1.466888e-02  6.640519e-01   1.448123e+00    
 2.816336e-01  2.618187e-01   1.416943e+00    
 7.838590e-01  9.861578e-01   9.466854e-01    
 9.028188e-01  4.510588e-01   1.609034e+00    
 8.288645e-01  1.662701e-01   7.878120e-01    
 5.207575e-01  7.181240e-01   1.138379e+00    
 4.608062e-01  4.453071e-01   1.754892e-01    
 4.434832e-01  3.662998e-01   6.050676e-01    
 8.518447e-01  7.594794e-01   1.899519e+00    
 5.579385e-01  1.423302e-02   1.192354e+00    
 8.162057e-01  9.770924e-01   4.438162e-01    
 7.036837e-01  5.220609e-01   1.865794e+00    
 7.133544e-01  2.280389e-01   8.992842e-01    
 1.721997e-01  9.688201e-01   7.114322e-01    
 4.904683e-02  7.553386e-01   1.789626e+00    
 2.861497e-01  2.512005e-01   1.865472e+00    
 1.309825e-01  9.408195e-01   1.403706e+00    
 8.476765e-01  2.092716e-01   9.101834e-01    
 8.107373e-02  8.511224e-01   1.124097e+00    
 3.192963e-01  3.748993e-01   1.735591e+00    
 3.721762e-01  7.369006e-02   3.996760e-01    
 4.949328e-02  5.667098e-01   2.438495e-01    
 5.221118e-01  1.170602e-01   1.539837e+00    
 3.750558e-01  8.233872e-01   9.327229e-02    
 5.979133e-01  9.491504e-01   5.775953e-01    
 8.888326e-01  1.015855e-01   1.306290e-01    
 2.342997e-01  9.330984e-01   1.262558e-01    
 2.642177e-01  9.995317e-01   4.239759e-01    
 4.984098e-01  2.904883e-01   1.345509e+00    
 9.579911e-01  7.665515e-01   1.332247e+00    
 1.309448e-01  9.541302e-02   2.972867e-02    
 2.881933e-01  8.167312e-01   1.970967e+00    
 1.736269e-02  8.193929e-01   1.242277e+00    
 5.602220e-01  2.440315e-01   1.644015e+00    
 2.632119e-01  7.536345e-01   1.319290e+00    
 2.140629e-01  6.021169e-01   1.209874e+00    
 6.595015e-01  1.833636e-01   1.273094e+00    
 1.703091e-01  5.396011e-01   1.246788e+00    
 6.858900e-01  6.773460e-01   1.753660e+00    
 1.289050e-02  3.104022e-01   1.558158e+00    
 3.072961e-01  9.266783e-01   1.357440e+00    
 7.432149e-02  7.066919e-02   2.386093e-02    
 2.271537e-01  5.162520e-01   9.164084e-01    
 7.032033e-01  5.824839e-01   1.018412e+00    
 7.428961e-02  1.932363e-01   7.592083e-01    
 2.764347e-01  7.708818e-01   6.278600e-01    
 6.381932e-01  9.865669e-01   1.005752e+00    
 9.477034e-01  8.280258e-01   1.835114e+00    
 1.130798e-01  8.121259e-01   1.816525e+00    
 1.563761e-01  1.221188e-01   1.525333e+00    
 7.218003e-01  6.516398e-01   1.508045e+00    
 6.631620e-01  8.834935e-01   5.443149e-01    
 4.194327e-01  2.129937e-01   7.119993e-02    
 8.116370e-02  8.505668e-01   6.804069e-01    
 4.661550e-01  9.137632e-01   4.571534e-01    
 8.620449e-01  6.566185e-01   1.782366e+00    
 4.881435e-01  9.926456e-01   7.466519e-01    
 5.313783e-01  1.813163e-01   1.003889e+00    
 4.221948e-01  6.604274e-01   1.347306e+00    
 9.573302e-01  1.918657e-01   2.224329e-01    
 5.650539e-01  9.691663e-01   4.748774e-02    
 8.702158e-01  2.687659e-02   1.039057e+00    
 1.922914e-01  7.156890e-01   5.013456e-01    
 9.338648e-01  1.371893e-01   1.043245e+00    
 8.952017e-01  9.423873e-01   6.701668e-01    
 4.373638e-01  4.711559e-01   2.986207e-01    
 1.358644e-01  5.324982e-01   1.451579e+00    
 3.987031e-01  3.584185e-01   5.705588e-01    
 8.686352e-01  6.264127e-01   4.823446e-01    
 9.780817e-01  6.405008e-01   4.596973e-01    
 6.813352e-01  6.658234e-01   2.694359e-01    
 2.249329e-02  2.621994e-01   2.330303e-01    
 6.931824e-02  8.529305e-01   3.606613e-01    
 3.241856e-02  7.339263e-01   1.073034e+00    
 2.760297e-01  3.684582e-01   2.577261e-02    
 8.892061e-01  8.660206e-01   5.084939e-01    
 5.694806e-01  1.592648e-01   1.188729e+00    
 3.311001e-01  6.586127e-01   1.727268e+00    
 5.676233e-01  9.804813e-01   1.583663e+00    
 1.525936e-01  8.330272e-01   3.837265e-01    
 6.389866e-01  6.690001e-01   1.544176e+00    
 3.798177e-01  4.415855e-01   9.661200e-01    
 6.081057e-01  1.759956e-01   4.051122e-03    
 7.902240e-01  5.136085e-01   4.264588e-01    
 1.034498e-01  1.573367e-01   8.150300e-01    
 4.077570e-01  5.269269e-02   1.883630e+00    
 1.499717e-01  3.843740e-01   6.221171e-01    
 1.685344e-01  8.966481e-01   6.454489e-01    
 7.339963e-01  4.109042e-01   7.995877e-01    
 5.055222e-01  1.693059e-01   1.049491e+00    
 6.412027e-01  1.619748e-02   1.673703e+00    
 8.034622e-01  6.977848e-01   9.237756e-01    
 8.261262e-02  8.207170e-01   3.860400e-01    
 4.453547e-01  1.295783e-02   6.174836e-01    
 8.753510e-01  8.352594e-01   6.661901e-01    
 8.807053e-01  4.796868e-01   1.121633e+00    
 6.159087e-01  6.618990e-01   1.233266e+00    
 6.851400e-01  5.101530e-01   1.427922e+00    
 5.152079e-01  6.058658e-01   1.933405e+00    
 8.221174e-01  3.177507e-01   1.175394e+00    
 1.302017e-01  2.543543e-01   1.606062e+00    
 6.678459e-01  1.362635e-02   1.123159e+00    
 4.545609e-01  9.049492e-01   5.643177e-01    
 6.503435e-02  4.765919e-01   1.967424e+00    
 9.223496e-01  5.611963e-01   1.304649e+00    
 7.726796e-01  1.061758e-01   2.146731e-03    
 5.417638e-01  6.857792e-03   9.026753e-01    
 1.956621e-01  7.871431e-01   1.237125e+00    
 1.552096e-02  8.908540e-01   1.523406e+00    
 9.070350e-01  7.585686e-01   7.614599e-01    
 3.311108e-01  5.040784e-01   1.129137e+00    
 7.671974e-01  7.798678e-01   9.681958e-01    
 8.022132e-01  4.710122e-01   4.055178e-01    
 5.796149e-01  6.665003e-01   1.353531e+00    
 9.425112e-01  7.701485e-01   1.474809e+00    
 8.662623e-01  9.909483e-01   1.007855e+00    
 6.290856e-01  7.926103e-01   8.972984e-01    
 5.243571e-01  1.714732e-01   2.613315e-01    
 2.187811e-01  1.054805e-01   2.828517e-01    
 4.569683e-01  7.881330e-01   5.621280e-01    
 2.247867e-01  9.088747e-01   1.465769e-02    
 5.887393e-01  5.421179e-01   1.307048e+00    
 3.134350e-01  2.311588e-01   8.321277e-01    
 2.987988e-01  6.724364e-01   1.876515e+00    
 3.431477e-01  5.629626e-01   2.377771e-01    
 1.690213e-01  2.788954e-01   1.113629e+00    
 4.855892e-01  9.522232e-01   4.638417e-01    
 4.786584e-01  5.265224e-01   1.585442e+00    
 1.930077e-01  9.096004e-01   1.844393e+00    
 1.326637e-02  7.675496e-01   1.894685e+00    
 8.133055e-01  9.238298e-01   3.979945e-01    
 6.742716e-01  9.271031e-01   6.876332e-01    
 5.944929e-01  6.154870e-01   6.748150e-03    
 9.820126e-01  8.995131e-01   1.385515e+00    
 4.396537e-01  7.010229e-01   1.219430e+00    
 2.998857e-01  8.560372e-01   2.241443e-01    
 2.915604e-01  9.744673e-02   7.948959e-01    
 3.333127e-01  9.442347e-01   1.677111e+00    
 2.584274e-01  4.289813e-02   1.176958e-02    
 5.744180e-01  7.439020e-01   1.613662e+00    
 6.375706e-01  2.512713e-01   2.886409e-01    
 6.515511e-01  9.460869e-01   1.631774e+00    
 9.302471e-01  3.099414e-01   5.376342e-01    
 5.364510e-01  1.632783e-01   4.219760e-01    
 2.168121e-01  6.517898e-01   1.055524e-01    
 2.292903e-01  6.674321e-01   6.218674e-01    
 3.066329e-01  7.206799e-01   1.908813e+00    
 1.311384e-01  6.827681e-02   2.504545e-01    
 1.661534e-01  9.114175e-01   2.725205e-01    
 6.169954e-01  2.689816e-01   4.413281e-01    
 7.129010e-01  5.489964e-01   1.882697e+00    
 3.298648e-01  7.044863e-01   1.886851e+00    
 5.815943e-01  8.801542e-01   1.499223e+00    
 3.796173e-01  7.255613e-01   3.255964e-01    
 9.562046e-01  1.962288e-01   1.552385e+00    
 6.132957e-01  1.622802e-01   6.210811e-02    
 2.886288e-01  9.710643e-01   1.900999e+00    
 2.280478e-01  9.585261e-01   1.359717e+00    
 5.496921e-02  5.998413e-01   7.862920e-01    
 2.153662e-01  1.823996e-01   1.535080e-01    
 7.423696e-03  7.887830e-01   3.557526e-02    
 8.779415e-01  3.525418e-01   1.444280e+00    
 9.684508e-01  1.556680e-01   3.259111e-01    
 3.133974e-01  2.938155e-02   7.152502e-01    
 2.719040e-02  7.936670e-01   1.998462e+00    
 1.102385e-01  6.226012e-01   2.651437e-01    
 3.100298e-01  1.347877e-01   4.466526e-01    
 3.965468e-01  1.351435e-01   4.821174e-01    
 9.275161e-01  3.911009e-01   1.022526e+00    
 9.289612e-02  2.169891e-02   3.190697e-01    
 8.445159e-01  8.791535e-01   3.739791e-01    
 9.913049e-01  7.120298e-01   1.742729e+00    
 4.796312e-01  4.960049e-01   5.750637e-01    
 6.094145e-02  2.624677e-01   3.725220e-01    
 9.170898e-01  1.232787e-01   2.689077e-02    
 3.696907e-01  6.986411e-01   1.778694e+00    
 5.937705e-01  1.566909e-01   6.333788e-01    
 2.333955e-01  8.422064e-03   7.938076e-01    
 6.498681e-01  8.500061e-02   1.537619e+00    
 9.697017e-01  7.147972e-01   1.563924e+00    
 2.375651e-01  1.957308e-01   5.264278e-01    
 7.137851e-01  9.775997e-01   1.274244e+00    
 5.459242e-01  8.480572e-01   1.604195e+00    
 6.683064e-01  6.709826e-01   1.641287e+00    
 9.704724e-01  4.869250e-01   1.634937e+00    
 6.415712e-01  3.063494e-01   1.321864e+00    
 3.580171e-01  9.381994e-01   9.753339e-01    
 9.099036e-02  6.738341e-01   1.029761e+00    
 2.215793e-01  7.250094e-01   1.364932e-01    
 9.641243e-01  2.076566e-01   3.222365e-01    
 6.382214e-01  2.281729e-04   6.712659e-01    
 2.750998e-01  4.452752e-02   1.877930e-01    
 4.099974e-01  8.168923e-01   1.741034e+00    
 2.255512e-02  7.271770e-01   1.696019e+00    
 7.286002e-01  9.550986e-01   1.312702e+00    
 7.423051e-01  3.449660e-01   1.768044e+00    
 3.472441e-01  5.947668e-02   1.436829e+00    
 9.582143e-01  1.568349e-01   8.327062e-01    
 9.403487e-02  4.499465e-01   1.738305e+00    
 3.916172e-01  2.527837e-01   7.087639e-01    
 7.429780e-01  6.508320e-01   1.879586e+00    
 8.327991e-01  4.699779e-01   1.259731e+00    
 5.818785e-02  5.421874e-01   9.114519e-01    
 8.630869e-01  8.551970e-01   9.445114e-01    
 7.869244e-01  6.559821e-01   7.977920e-05    
 1.312372e-01  4.948748e-01   7.666631e-02    
 2.274358e-01  3.278830e-01   1.798938e+00    
 3.137305e-01  2.516760e-01   8.659783e-01    
 8.423822e-01  1.844890e-01   1.016358e+00    
 4.522397e-01  3.255844e-01   7.601526e-01    
 8.864800e-01  7.612608e-01   1.767533e+00    
 4.574063e-01  7.992023e-01   2.681542e-01    
 6.531369e-02  3.751447e-01   7.470459e-01    
 4.840224e-01  9.694592e-01   6.841222e-01    
 2.526893e-01  5.848869e-01   1.047407e+00    
 1.634190e-01  4.863981e-01   9.921215e-01    
 8.431941e-01  8.061982e-01   1.715571e+00    
 6.097541e-01  5.657304e-01   1.223797e+00    
 1.029765e-01  1.583159e-01   8.272997e-01    
 5.604104e-01  2.686773e-01   1.568508e+00    
 3.878708e-01  3.098362e-02   1.171004e+00    
 5.585585e-01  2.006956e-01   1.748438e-01    
 9.332299e-01  2.593800e-01   4.083428e-01    
 4.920844e-02  6.061609e-01   1.092697e+00    
 9.583744e-02  6.369956e-01   8.858967e-01    
 6.638196e-02  3.742926e-01   4.982054e-01    
 9.248753e-01  6.294993e-01   1.756618e+00    
 6.416744e-01  7.983906e-01   8.700521e-01    
 9.811403e-01  9.595780e-02   1.054965e+00    
 5.456458e-01  2.843428e-01   7.416053e-01    
 6.469260e-02  5.448091e-01   1.672751e+00    
 1.453220e-01  1.715203e-01   1.360944e-01    
 8.240115e-01  1.339708e-01   1.769573e+00    
 5.147374e-01  9.636356e-01   2.409893e-01    
 4.828988e-02  3.801520e-01   8.255824e-01    
 4.013913e-01  4.209971e-01   7.539074e-01    
 9.073365e-01  6.701621e-01   1.923677e+00    
 1.629793e-01  7.486494e-01   7.481314e-01    
 4.542365e-01  3.856070e-02   1.124864e+00    
 3.723121e-01  7.927837e-01   1.590462e+00    
 3.829145e-01  2.527898e-01   6.858557e-01    
 9.678045e-01  4.798084e-01   7.366551e-01    
 7.645672e-01  3.771490e-01   1.800612e+00    
 1.834321e-01  3.683173e-01   1.834914e+00    
 5.159161e-01  9.030726e-02   1.470623e+00    
 4.712162e-03  6.031231e-01   1.913733e+00    
 3.974319e-01  7.315508e-01   1.369278e+00    
 9.785030e-01  2.037852e-01   1.186606e+00    
 9.515625e-01  2.602724e-01   1.029355e+00    
 6.363319e-01  4.009591e-01   9.732226e-01    
 7.504581e-01  1.261967e-01   8.612496e-02    
 3.709393e-01  6.933021e-01   1.871650e+00    
 4.775756e-01  1.291001e-01   9.676624e-01    
 9.455972e-01  3.677441e-01   6.569711e-01    
 7.728755e-01  2.972740e-01   3.557087e-01    
 6.907992e-01  2.639449e-01   9.154781e-01    
 8.436924e-01  8.814987e-01   1.400040e+00    
 7.556910e-01  9.745148e-01   8.043054e-01    
 1.312786e-01  7.247339e-01   1.799036e+00    
 1.707013e-01  4.302869e-02   9.583184e-01    
 9.393628e-02  6.500498e-01   1.904555e+00    
 4.577127e-01  5.368806e-01   1.329743e-01    
 4.938701e-01  4.175410e-01   5.845141e-01    
 2.896639e-01  7.538460e-01   1.935914e-01    
 7.691701e-02  7.209150e-01   1.529823e+00    
 6.579449e-01  8.104085e-01   7.484862e-01    
 3.062315e-01  3.706996e-01   1.413494e+00    
 1.683663e-01  8.137210e-01   9.324566e-01    
 7.222857e-01  9.948689e-01   7.250060e-01    
 7.308281e-01  6.496674e-01   1.362678e+00    
 7.611920e-03  6.541493e-01   1.890470e+00    
 6.132710e-01  7.829280e-01   6.306974e-03    
 7.969578e-01  6.418167e-01   3.569572e-01    
 5.294007e-01  2.187435e-01   1.096105e+00    
 5.823736e-02  5.875871e-01   8.322071e-01    
 1.864452e-01  6.391072e-02   1.495656e-01    
 3.100375e-01  9.440849e-01   1.961453e+00    
 5.551155e-01  9.885256e-01   1.383120e+00    
 2.416609e-01  8.098137e-01   1.869023e+00    
 1.288035e-01  6.868269e-01   5.944899e-01    
 6.472208e-01  4.637588e-01   1.845579e+00    
 2.417219e-01  6.601565e-01   6.645740e-01    
 4.767530e-01  4.687733e-01   1.411858e+00    
 2.399494e-01  7.172026e-01   1.730393e+00    
 4.109897e-01  4.247872e-01   1.908573e+00    
 8.814186e-01  6.985877e-01   6.108023e-01    
 8.293261e-01  9.706046e-01   6.002054e-01    
 9.980622e-01  4.407484e-01   1.245381e-02    
 2.919011e-01  6.918785e-01   9.856985e-01    
 8.347763e-02  1.957871e-01   1.955189e+00    
 3.661987e-01  1.394324e-01   2.951105e-02    
 6.406412e-01  7.377220e-01   5.351460e-02    
 1.021526e-01  8.933302e-01   1.527753e+00    
 5.826645e-01  6.854303e-01   1.934267e+00    
 5.503444e-01  7.771968e-01   1.220701e+00    
 9.885934e-01  4.826223e-02   1.970778e+00    
 2.047362e-01  9.124772e-01   1.331092e+00    
 4.623214e-01  4.833325e-02   9.208783e-01    
 7.999506e-01  2.894331e-01   1.390205e+00    
 2.592789e-01  7.132297e-01   1.440739e+00    
 7.332767e-01  6.223308e-01   1.979559e+00    
 1.523778e-01  2.033226e-01   1.638633e+00    
 5.843536e-02  5.385068e-01   3.803066e-01    
 5.994808e-01  2.922580e-01   1.825754e-01    
 5.067673e-01  8.841323e-01   1.231136e+00    
 4.639211e-02  9.519243e-01   3.380608e-01    
 8.266710e-01  6.113769e-01   1.694599e+00    
 1.141231e-01  6.492198e-01   2.296301e-01    
 4.734122e-01  6.831810e-01   2.665972e-01    
 4.640782e-01  7.125001e-02   1.162437e+00    
 5.659789e-01  2.552622e-01   4.769883e-01    
 1.595378e-02  3.847447e-01   1.514600e+00    
 5.751600e-01  4.080855e-01   3.914163e-01    
 5.121743e-01  7.133457e-01   1.734771e+00    
 7.418054e-01  9.948325e-01   1.733496e+00    
 4.858128e-01  9.033054e-01   4.062897e-02    
 6.367875e-01  9.440557e-01   8.156031e-02    
 2.856716e-01  6.772538e-01   1.172357e+00    
 6.496962e-02  8.792118e-01   9.758186e-01    
 8.914756e-01  7.622947e-01   1.310610e+00    
 9.714815e-01  1.711391e-01   2.719303e-01    
 7.552107e-01  3.132170e-01   9.265048e-01    
 3.394342e-01  9.621832e-03   6.676029e-01    
 2.468233e-01  9.940609e-01   1.811134e+00    
 3.497683e-01  2.781155e-01   1.858473e-01    
 2.405303e-01  9.016466e-01   6.484918e-01    
 5.727033e-01  1.850651e-01   1.475820e+00    
 1.117564e-01  3.837517e-01   1.724729e+00    
 8.570829e-01  8.193637e-01   4.913901e-01    
 8.975883e-01  6.041235e-01   2.794627e-01    
 1.613013e-01  8.831528e-01   1.957170e+00    
 6.013176e-01  3.618060e-01   4.628076e-01    
 4.497305e-01  6.431015e-01   4.904350e-01    
 4.680136e-01  4.974318e-01   1.499299e-01    
 7.665948e-01  4.536724e-02   3.302252e-01    
 7.771986e-01  2.083485e-01   5.035524e-01    
 3.965238e-01  4.806878e-01   1.018581e+00    
 6.247965e-01  6.255474e-01   1.982334e+00    
 3.592220e-01  2.759911e-01   1.356233e+00    
 5.087627e-01  2.768597e-01   1.157682e+00    
 8.228355e-01  9.414545e-01   8.886348e-01    
 4.232291e-01  9.961977e-01   1.228236e+00    
 9.440661e-01  9.120818e-01   1.629954e+00    
 6.896369e-01  3.086540e-01   1.116393e+00    
 6.367576e-01  7.690811e-01   1.080620e-01    
 1.148313e-01  8.459905e-01   3.447666e-01    
 3.698298e-02  3.125545e-01   1.634561e+00    
 2.346367e-01  5.874414e-01   1.848369e+00    
 3.300492e-01  2.055409e-01   7.289743e-01    
 9.757147e-01  7.168941e-01   1.286619e+00    
 7.825673e-01  4.664818e-01   4.645545e-01    
 3.178790e-01  7.887919e-01   1.268886e+00    
 6.597828e-01  5.375835e-01   1.838433e+00    
 7.805060e-01  3.267095e-01   1.477496e+00    
 4.377339e-01  5.917965e-01   2.290184e-01    
 3.191656e-01  6.218534e-01   1.789107e+00    
 9.635861e-01  2.006348e-02   2.213037e-01    
 4.030201e-01  9.719507e-02   5.860979e-01    
 6.787076e-01  9.797917e-01   7.988672e-01    
 8.208843e-01  1.316193e-01   1.689782e+00    
 2.327267e-01  6.715461e-02   6.629043e-01    
 5.752345e-01  1.368193e-01   1.735595e+00    
 3.292662e-01  4.880019e-01   8.630735e-01    
 2.605416e-01  9.830028e-01   1.931396e+00    
 9.485173e-01  4.517224e-01   6.633860e-01    
 7.759466e-03  1.658400e-01   1.656334e+00    
 6.434007e-01  3.222752e-01   5.273913e-02    
 3.554429e-01  7.438845e-01   5.973276e-01    
 1.812232e-01  4.151917e-01   1.734680e+00    
 6.249398e-01  5.520229e-02   8.081858e-01    
 3.019602e-01  1.523197e-01   6.183364e-01    
 3.258291e-03  4.374089e-01   1.352823e+00    
 8.229130e-01  7.558453e-01   3.252778e-01    
 5.520431e-01  5.250937e-01   1.838711e+00    
 4.419070e-01  4.480234e-02   1.929167e+00    
 1.346242e-02  5.520235e-01   1.868599e+00    
 8.986089e-01  6.179897e-01   1.399849e+00    
 9.390950e-01  4.520841e-01   3.533436e-01    
 6.167652e-01  5.183802e-01   7.289861e-01    
 7.733097e-01  8.282770e-01   6.367802e-01    
 5.959796e-01  7.818180e-01   6.718470e-02    
 8.569775e-01  6.826110e-01   1.603701e+00    
 9.176971e-01  3.881099e-01   9.439619e-01    
 8.805834e-02  9.251054e-01   1.356960e+00    
 6.410323e-01  9.959078e-01   9.990848e-01    
 4.300516e-01  8.291686e-01   2.333921e-01    
 5.986843e-01  2.212246e-01   7.973538e-01    
 3.011523e-01  6.335440e-01   1.889967e+00    
 5.870809e-03  8.165989e-01   1.381771e+00    
 9.809848e-01  6.973964e-02   8.990951e-02    
 7.399537e-01  8.191217e-01   5.216811e-01    
 7.040127e-01  2.964757e-01   1.645820e-01    
 8.753836e-01  7.745165e-02   1.481969e+00    
 1.250701e-01  4.437129e-01   1.184966e+00    
 6.363480e-01  5.327348e-01   4.174331e-01    
 6.737281e-01  2.419085e-01   1.441059e+00    
 3.999640e-01  3.940360e-01   8.230045e-01    
 1.497437e-01  8.782329e-01   4.351159e-02    
 9.238327e-01  6.326174e-01   1.338316e-01    
 6.326726e-01  7.537441e-01   1.539326e+00    
 8.080360e-01  5.433339e-01   9.701682e-01    
 4.412193e-01  6.264986e-01   1.555663e-01    
 5.440628e-01  2.090970e-01   5.399973e-01    
 2.916815e-01  8.222206e-01   8.229964e-01    
 5.269556e-01  9.202080e-01   7.582713e-01    
 6.388988e-01  1.737389e-01   1.571600e+00    
 3.656310e-01  7.769420e-01   6.842926e-01    
 7.741760e-01  1.478322e-01   2.964846e-01    
 6.390516e-01  9.337300e-02   1.857577e+00    
 4.851358e-01  1.632451e-01   5.526841e-01    
 1.309737e-01  2.322010e-02   4.625947e-01    
 8.452586e-01  7.263562e-01   1.389376e+00    
 3.831063e-01  4.798425e-01   1.934158e+00    
 7.835360e-01  4.097360e-01   1.914730e+00    
 1.969793e-01  5.293448e-01   1.008386e+00    
 4.834068e-01  3.776136e-01   1.039439e+00    
 8.157689e-01  2.086288e-01   7.775902e-01    
 4.614268e-02  3.048046e-01   1.627679e+00    
 6.820940e-01  8.824372e-01   1.635979e-01    
 4.948257e-01  4.303308e-01   6.909152e-01    
 9.136596e-01  1.601717e-01   7.757383e-01    
 9.672167e-01  6.672469e-02   6.334553e-01    
 1.267236e-01  1.158001e-01   3.287151e-01    
 9.394780e-02  5.321325e-01   1.524809e+00    
 4.174957e-01  8.355296e-01   1.609458e+00    
 9.171166e-03  6.447133e-01   2.247055e-01    
 2.157020e-01  9.092872e-01   2.893570e-01    
 2.074779e-01  8.506408e-01   1.426218e+00    
 8.042488e-02  8.186991e-01   6.979176e-01    
 1.625473e-01  5.397510e-01   1.846654e+00    
 4.371236e-01  5.401254e-01   1.396707e+00    
 2.054385e-03  8.366033e-01   1.778847e+00    
 1.975106e-02  9.841995e-02   7.483112e-01    
 9.674789e-01  6.195853e-01   1.340077e+00    
 4.561692e-01  8.380353e-01   1.646196e+00    
 5.421121e-01  9.239118e-02   5.905528e-01    
 6.022377e-01  1.828386e-01   1.466340e+00    
 5.488920e-01  1.561604e-01   1.850141e+00    
 2.021551e-01  8.448561e-03   1.378223e+00    
 4.009677e-01  3.795829e-01   1.806372e+00    
 9.433504e-01  4.739795e-01   3.552097e-02    
 8.199545e-01  5.738846e-02   1.802559e-01    
 6.966546e-01  1.471492e-01   1.151575e-01    
 6.335774e-02  7.228296e-01   6.741648e-02    
 6.957175e-01  2.211765e-01   1.250772e+00    
 5.132927e-01  5.757081e-01   5.744878e-01    
 8.926847e-01  9.259270e-02   5.849692e-01    
 8.218986e-01  9.940191e-01   1.356321e-01    
 9.730853e-01  9.227876e-01   1.917462e+00    
 5.631637e-01  9.505253e-01   6.364481e-01    
 2.658971e-01  6.108422e-02   6.655357e-01    
 2.924228e-01  4.024847e-01   6.822460e-02    
 2.874689e-01  2.196213e-01   1.131856e+00    
 8.700929e-01  2.549865e-01   1.183621e+00    
 5.226927e-01  1.291462e-01   7.552027e-03    
 3.258165e-01  3.607628e-01   1.988069e+00    
 9.399629e-01  4.341381e-01   1.871011e+00    
 4.968329e-01  9.710710e-01   1.915348e+00    
 7.207259e-01  6.479635e-01   1.725200e+00    
 3.090919e-02  3.658780e-01   1.876411e-01    
 3.346500e-01  7.327532e-03   1.631053e+00    
 2.500980e-02  4.242031e-01   6.760400e-02    
 6.767034e-01  3.279574e-01   1.120135e+00    
 4.248071e-01  1.501010e-01   1.287265e-01    
 6.164449e-01  6.290058e-01   3.532764e-01    
 4.079171e-01  7.061393e-01   8.595804e-01    
 2.109323e-01  5.909900e-01   1.674406e+00    
 8.882878e-01  8.856041e-01   1.925816e+00    
 7.696325e-01  3.679426e-01   1.362708e-01    
 1.088965e-01  9.368216e-01   1.022111e+00    
 2.112778e-01  4.211051e-01   1.659077e+00    
 1.424693e-01  3.216322e-01   1.635818e+00    
 2.933834e-01  7.995148e-02   1.856617e+00    
 1.667747e-01  3.867726e-01   9.720216e-01    
 8.108740e-01  4.057080e-01   1.590054e+00    
 1.937703e-02  9.566566e-01   1.709832e+00    
 9.863137e-01  2.506968e-01   9.650298e-01    
 3.246125e-01  5.740170e-02   5.819367e-01    
 6.760754e-01  9.521525e-01   8.054540e-02    
 8.216166e-01  2.236201e-01   1.999395e+00    
 2.605257e-01  2.302828e-01   1.050178e+00    
 5.606730e-01  8.260299e-01   5.769207e-01    
 2.527119e-01  2.402480e-01   1.102984e+00    
 2.153369e-01  6.654931e-01   6.177284e-01    
 4.697786e-01  5.058044e-01   1.376773e+00    
 1.928650e-01  2.735654e-01   1.852654e+00    
 2.347409e-01  1.279819e-01   8.252356e-01    
 6.347216e-01  1.815452e-01   8.064624e-01    
 6.887635e-01  3.258930e-01   1.846569e+00    
 7.571340e-01  4.011126e-01   3.922181e-01    
 4.002755e-01  1.544753e-01   1.291426e-01    
 1.203460e-01  2.934164e-02   1.730375e+00    
 4.141978e-01  7.919316e-01   1.632795e+00    
 3.953163e-01  8.259456e-01   6.752466e-01    
 1.973546e-01  5.100708e-01   4.197758e-01    
 5.799847e-01  9.792135e-01   9.342446e-01    
 8.021183e-01  4.329483e-01   4.823655e-01    
 6.346240e-01  3.671849e-01   8.629182e-01    
 3.019202e-01  4.321764e-01   1.381048e+00    
 5.122875e-01  9.913735e-01   3.681429e-01    
 5.589682e-01  4.870492e-01   7.949727e-01    
 4.928485e-01  9.688439e-01   1.654064e+00    
 1.283854e-01  8.422617e-01   1.578949e+00    
 3.448322e-01  7.384963e-01   1.190204e-01    
 5.586485e-01  7.827193e-01   2.815349e-01    
 5.576503e-01  2.054490e-01   1.720983e+00    
 2.573527e-01  2.776377e-01   5.763326e-01    
 7.347755e-01  4.970123e-01   1.093469e-01    
 1.912892e-01  7.245654e-01   1.947323e+00    
 7.044880e-01  8.015258e-01   4.124958e-01    
 7.726672e-01  8.726986e-01   1.614779e+00    
 7.566276e-01  9.046128e-01   8.419972e-01    
 6.584003e-01  1.296560e-03   1.964004e+00    
 4.123144e-01  3.475978e-01   1.336345e+00    
 4.436753e-01  8.398700e-01   1.059033e+00    
 2.571414e-01  1.562986e-01   1.115632e+00    
 9.613003e-01  9.512726e-01   1.469730e+00    
 2.225554e-01  4.966309e-01   1.404834e-02    
 3.161915e-01  7.384166e-01   1.580672e+00    
 4.002827e-01  3.998876e-01   5.033838e-01    
 9.191186e-02  6.022050e-01   1.664897e+00    
 2.934837e-01  4.655373e-01   9.105368e-02    
 8.572251e-02  5.131447e-01   1.430855e+00    
 3.543558e-02  9.795783e-01   9.948985e-01    
 7.007439e-01  8.031289e-01   1.033349e+00    
 5.026979e-01  7.547386e-01   4.762144e-01    
 9.430756e-01  8.862529e-02   1.086019e+00    
 9.034520e-01  8.613216e-01   1.262960e+00    
 2.623635e-01  3.790176e-01   6.746476e-01    
 3.145949e-01  9.471032e-01   1.070342e+00    
 7.019551e-01  8.750380e-01   1.972499e+00    
 8.853049e-01  4.048443e-01   1.254287e+00    
 3.854560e-01  8.478609e-01   1.053697e+00    
 8.074037e-01  3.934965e-01   1.923468e+00    
 3.012059e-02  9.537299e-01   1.428770e+00    
 6.465482e-01  4.466523e-01   3.492538e-01    
 8.352471e-01  9.700939e-01   2.699498e-01    
 2.509890e-01  9.100071e-01   1.352932e+00    
 6.231607e-01  5.122157e-01   6.965491e-03    
 2.268883e-01  9.784573e-01   1.722505e+00    
 1.438522e-02  4.857769e-01   8.328059e-01    
 7.729024e-01  4.881475e-01   1.045129e+00    
 7.820494e-01  5.912293e-01   2.527856e-01    
 1.097193e-01  6.629054e-01   1.994186e+00    
 3.461809e-01  1.760545e-01   1.357779e-01    
 3.093959e-01  3.347598e-01   7.523351e-01    
 9.522068e-01  7.193205e-01   1.558685e+00    
 6.176587e-01  6.492383e-01   1.512567e+00    
 1.478342e-01  5.994537e-01   1.797217e+00    
 1.719329e-01  8.189281e-01   1.385875e-01    
 9.556873e-01  3.173378e-01   1.040235e-02    
 7.599355e-01  3.086798e-01   1.430511e+00    
 8.094752e-02  8.458779e-01   1.436752e+00    
 8.703930e-01  8.721597e-01   1.523126e+00    
 6.694565e-01  9.020283e-01   1.642925e+00    
 8.326573e-01  6.399179e-01   3.124086e-01    
 7.831679e-01  7.314054e-01   1.129464e+00    
 7.233493e-01  2.397381e-01   9.797171e-01    
 4.236027e-01  7.956776e-01   1.526820e+00    
 2.388888e-01  6.351093e-01   4.630904e-01    
 6.159382e-01  2.685046e-01   1.982426e+00    
 7.603189e-01  4.821674e-01   1.890401e+00    
 3.607383e-01  8.439104e-02   1.897027e+00    
 6.908275e-01  6.155086e-01   1.789956e+00    
 1.253821e-02  3.009120e-01   1.930162e+00    
 1.020905e-01  5.960217e-01   9.379554e-01    
 7.173256e-01  8.588709e-01   3.711968e-01    
 4.623750e-01  9.032998e-01   4.420902e-02    
 7.604062e-01  7.958520e-01   6.277018e-01    
 2.358252e-01  4.944518e-01   1.370509e+00    
 9.446337e-01  4.393119e-01   9.948687e-01    
 9.861792e-02  5.544375e-01   8.713886e-01    
 1.812646e-01  1.538118e-01   1.867459e+00    
 1.362656e-01  9.985450e-01   1.381241e+00    
 9.610425e-01  7.755015e-01   1.448268e-03    
 3.254714e-01  5.441036e-01   6.130126e-01    
 6.727039e-01  3.457133e-01   1.961199e+00    
 3.539683e-01  1.951548e-02   1.625504e+00    
 9.828144e-01  3.118358e-01   7.578169e-01    
 7.480294e-01  4.428301e-01   1.997830e-01    
 9.926225e-01  5.362620e-01   2.690959e-01    
 1.313000e-01  8.639937e-01   1.416545e+00    
 9.982407e-01  8.157569e-01   1.564480e+00    
 7.636157e-01  9.049752e-01   2.062437e-01    
 2.117104e-01  8.510886e-01   1.485930e+00    
 4.050710e-01  3.050418e-01   9.483899e-01    
 1.447377e-01  4.943402e-01   1.060248e+00    
 5.102424e-01  2.274692e-01   1.869988e+00    
 5.176921e-01  4.592609e-01   1.553476e+00    
 7.338032e-01  6.023819e-01   1.138581e-01    
 7.200320e-02  6.356816e-01   1.752668e+00    
 4.274794e-01  7.084034e-01   1.403802e-01    
 1.906516e-02  5.083099e-01   1.738812e+00    
 7.985490e-01  7.992341e-01   3.922266e-01    
 7.143744e-01  2.150084e-01   1.573015e+00    
 1.721475e-01  2.061472e-01   9.289484e-01    
 7.452650e-02  5.965805e-01   3.819809e-01    
 9.348174e-01  3.075125e-01   9.237842e-01    
 8.297533e-01  3.001375e-01   1.419240e+00    
 7.460107e-02  7.502158e-01   9.378108e-01    
 9.449140e-01  1.397390e-02   1.083977e-01    
 7.384489e-01  6.355651e-01   1.861944e+00    
 4.609606e-01  5.128899e-01   8.489622e-01    
 4.159169e-01  3.882343e-01   1.711074e+00    
 8.230189e-01  9.139103e-01   1.672084e+00    
 8.680876e-01  7.755873e-01   8.638558e-01    
 4.360980e-01  2.243047e-01   2.636868e-02    
 3.759663e-01  8.385623e-01   5.724867e-01    
 2.841291e-01  3.270803e-01   9.524185e-01    
 2.259833e-01  9.620062e-01   6.129165e-01    
 7.789256e-01  8.953424e-01   5.074466e-01    
 1.457533e-01  3.414963e-01   1.466269e+00    
 3.386391e-02  5.442388e-01   1.116891e+00    
 6.696837e-01  5.839269e-01   1.371818e+00    
 7.659839e-01  8.976621e-01   1.933579e+00    
 9.057935e-01  1.785794e-01   1.956976e+00    
 8.979857e-01  2.936140e-02   5.640447e-01    
 1.879011e-01  6.087535e-01   4.187088e-01    
 9.977347e-01  1.676182e-02   8.792563e-01    
 1.483952e-01  6.214459e-01   1.508738e+00    
 2.805970e-01  5.271797e-01   6.248812e-01    
 1.817409e-01  7.792529e-01   1.619018e+00    
 7.233129e-01  4.530949e-02   1.226600e+00    
 3.352149e-01  5.838626e-01   1.826356e+00    
 5.012725e-01  4.175095e-01   1.598915e+00    
 8.906092e-01  5.133533e-01   7.794529e-01    
 9.306387e-01  2.827321e-01   1.539874e+00    
 7.275832e-01  9.146080e-01   2.122408e-01    
 8.889376e-01  5.950404e-01   2.415991e-02    
 2.383144e-01  1.236239e-01   1.761569e+00    
 8.132323e-01  7.633383e-01   1.620774e+00    
 6.822539e-01  6.248021e-01   7.361571e-01    
 2.027802e-01  2.750512e-01   9.630877e-01    
 4.001912e-01  7.022958e-01   6.427219e-01    
 4.845317e-02  7.774862e-01   1.106806e+00    
 6.774935e-02  4.961765e-01   1.672210e+00    
 4.609341e-01  7.800254e-01   9.834877e-01    
 6.957140e-01  9.850619e-01   7.063445e-01    
 6.219917e-01  5.158938e-01   1.630065e+00    
 4.890640e-01  7.314596e-01   1.421149e+00    
 8.344116e-01  1.092418e-02   9.675407e-02    
 5.012673e-01  2.916893e-01   2.758532e-02    
 7.941778e-01  6.728267e-02   6.203557e-01    
 3.400054e-01  8.167779e-01   8.745679e-03    
 4.938160e-01  6.134480e-01   7.481624e-01    
 1.983082e-01  8.950676e-01   1.973697e+00    
 9.217801e-01  3.944173e-01   1.324575e+00    
 5.401099e-01  2.110795e-01   6.106598e-01    
 1.340239e-02  4.561941e-03   1.975574e+00    
 8.117969e-01  7.704057e-01   1.806570e+00    
 1.237741e-01  9.607954e-02   1.102935e+00    
 6.517589e-03  1.256933e-01   1.115599e-01    
 7.626737e-01  7.140156e-02   1.436467e+00    
 1.404080e-01  6.156984e-01   9.430184e-01    
 5.103526e-01  3.450431e-01   1.695159e-01    
 2.558013e-01  5.255719e-01   2.810695e-01    
 1.204709e-01  5.027389e-01   5.718264e-01    
 1.119672e-01  5.000463e-01   7.558020e-01    
 2.705588e-01  9.566910e-01   9.161359e-01    
 2.450206e-01  8.304571e-01   6.063474e-01    
 3.321942e-02  9.875593e-01   9.595525e-01    
 6.035358e-01  5.162488e-01   1.954522e+00    
 2.471983e-01  6.681946e-01   2.934632e-01    
 4.051223e-01  1.420529e-01   6.884920e-01    
 5.499321e-01  4.243171e-02   4.639197e-01    
 3.987907e-01  1.206910e-01   8.852601e-01    
 5.145231e-02  9.966466e-01   1.388753e+00    
 6.150217e-01  6.171546e-01   1.659478e+00    
 9.792856e-01  4.374347e-01   1.692421e+00    
 3.970836e-01  4.203718e-01   1.783976e+00    
 3.456617e-01  8.084130e-01   1.988553e+00    
 7.810638e-01  8.518088e-01   1.321222e+00    
 2.721127e-01  2.408432e-01   8.518472e-01    
 5.975581e-01  4.200412e-01   1.535048e+00    
 2.569171e-02  6.927930e-01   1.506876e+00    
 9.535579e-01  3.873221e-01   1.123127e-01    
 3.753402e-01  6.575132e-01   1.403533e+00    
 9.073682e-02  9.479871e-01   1.069698e+00    
 9.102404e-01  3.093109e-01   1.449790e+00    
 3.834589e-01  8.988731e-01   1.368761e-01    
 2.649997e-01  6.245612e-01   1.360558e+00    
 7.369008e-01  9.329805e-01   1.229342e+00    
 7.383051e-01  6.365259e-01   3.402664e-01    
 2.723356e-01  8.124478e-01   8.065219e-01    
 6.600827e-01  2.860590e-01   1.922767e+00    
 5.765560e-01  9.666288e-01   1.027842e+00    
 8.642233e-01  2.253275e-01   4.869101e-01    
 8.988264e-01  7.091976e-01   1.950287e+00    
 4.595643e-01  7.417746e-01   1.337934e+00    
 2.961245e-02  3.503561e-01   1.641323e-01    
 6.083748e-02  7.600949e-01   1.255662e+00    
 5.304670e-01  9.892619e-01   6.059242e-01    
 1.807013e-01  5.692501e-01   9.331442e-01    
 3.922291e-01  2.740684e-02   6.829591e-01    
 9.763491e-01  5.769350e-01   1.541280e+00    
 6.264115e-01  7.330500e-01   2.986827e-01    
 4.146411e-01  6.898474e-02   1.768388e+00    
 8.319943e-01  3.152105e-01   1.796109e+00    
 7.530980e-01  1.525495e-01   1.430828e+00    
 8.416381e-01  7.834576e-01   1.995659e+00    
 5.861140e-01  3.607806e-01   7.478179e-01    
 9.872200e-01  8.872078e-01   3.712627e-01    
 2.441315e-01  2.468694e-01   3.476301e-01    
 3.343052e-01  4.062248e-01   1.247553e+00    
 8.980072e-01  6.791651e-01   2.630858e-01    
 4.728897e-01  9.674482e-01   9.975257e-01    
 3.970820e-01  9.882234e-01   1.536657e+00    
 9.831447e-01  2.392705e-01   9.330923e-01    
 3.534920e-02  7.371455e-01   1.699394e+00    
 5.166985e-01  1.435899e-01   1.553966e+00    
 4.474545e-01  1.654625e-01   5.131500e-01    
 7.293361e-01  6.130550e-02   2.265596e-01    
 8.146413e-01  4.615161e-01   1.817583e+00    
 8.963151e-01  2.069777e-01   1.748187e+00    
 2.372915e-01  6.843039e-01   1.920242e+00    
 4.265777e-01  1.741721e-01   7.947442e-01    
 6.709334e-01  4.850625e-01   7.651838e-01    
 5.635202e-01  4.898872e-01   3.102332e-01    
 6.511494e-01  7.269950e-01   7.349068e-03    
 9.091429e-01  6.618608e-01   9.927904e-02    
 4.522248e-01  1.640942e-01   9.413543e-01    
 8.234690e-01  8.499875e-01   1.928452e+00    
 8.126867e-01  2.643904e-01   4.127028e-01    
 9.322151e-01  3.933388e-01   1.247436e-01    
 4.380331e-02  6.139753e-03   1.634223e+00    
 9.151808e-01  7.416401e-01   4.076549e-01    
 2.342164e-01  8.984934e-01   1.575509e+00    
 1.829770e-01  5.057358e-01   1.219692e-01    
 1.352824e-01  2.224197e-02   1.739650e+00    
 6.141220e-01  3.391419e-01   1.371323e+00    
 2.173806e-01  2.314310e-01   8.844325e-01    
 3.338723e-01  2.665069e-01   1.509982e+00    
 4.162952e-01  9.504673e-01   1.673158e+00    
 8.958761e-01  2.552823e-01   1.042219e+00    
 3.367554e-01  6.561889e-01   7.896950e-01    
 1.006742e-01  4.619126e-01   1.112718e+00    
 3.023249e-01  6.307602e-01   1.048591e+00    
 3.088882e-01  4.630964e-01   2.651769e-01    
 7.610444e-01  1.349213e-01   8.622651e-01    
 8.592750e-01  4.669812e-01   5.724574e-01    
 6.526658e-02  6.570171e-01   1.260526e+00    
 7.315319e-01  9.549075e-01   7.386553e-01    
 6.940291e-02  8.675239e-01   5.893280e-01    
 5.533747e-01  7.821573e-01   1.403532e-01    
 6.333582e-01  4.111290e-02   4.846089e-02    
 7.217412e-01  8.857873e-01   1.874376e+00    
 9.247156e-01  7.563174e-01   7.548333e-01    
 8.341851e-01  6.866455e-01   1.110400e+00    
 8.616104e-02  5.547679e-01   1.358813e+00    
 4.275086e-01  1.629086e-01   1.386978e+00    
 5.191720e-01  8.005478e-01   1.556883e+00    
 9.280325e-01  7.262176e-01   1.907628e-01    
 4.492996e-01  9.766077e-01   1.937888e+00    
 6.452701e-01  9.274709e-02   1.544076e+00    
 4.039711e-01  2.797081e-01   4.528949e-01    
 1.448061e-01  9.279454e-02   1.405441e+00    
 6.812121e-01  4.576398e-01   1.064691e+00    
 2.983473e-01  4.029962e-01   3.049351e-01    
 7.902043e-01  1.985600e-01   9.889454e-01    
 3.032637e-01  1.479442e-01   1.928028e+00    
 7.369030e-01  5.187482e-01   1.796561e+00    
 7.070005e-01  3.948197e-01   1.284384e+00    
 3.043339e-01  8.483911e-02   1.770824e+00    
 9.397464e-02  9.512168e-01   1.236361e+00    
 7.605739e-01  6.207243e-01   1.158464e+00    
 2.808531e-01  9.976465e-02   1.443131e+00    
 8.414390e-01  8.212501e-01   1.087129e+00    
 3.644028e-01  5.009351e-01   6.607957e-01    
 2.305468e-01  6.049281e-01   9.468316e-02    
 7.365494e-01  4.877322e-01   1.971552e+00    
 9.784774e-01  1.423044e-01   1.857913e+00    
 1.582624e-02  7.277313e-01   1.467517e+00    
 6.794884e-02  7.974836e-01   9.066038e-01    
 2.107153e-01  7.352511e-01   1.154784e+00    
 7.894594e-01  8.274546e-02   7.515569e-01    
 2.009583e-01  6.457309e-01   2.477506e-01    
 5.075228e-01  1.055686e-01   5.820929e-02    
 5.067612e-02  1.827216e-01   1.019329e+00    
 6.476116e-01  5.095868e-01   1.198370e+00    
 3.364173e-01  7.234986e-01   2.361330e-01    
 5.198391e-01  9.951680e-01   6.266970e-01    
 5.058010e-01  8.197811e-01   5.974053e-01    
 7.085958e-01  8.694990e-01   1.312953e+00    
 8.621906e-01  9.265981e-01   1.877467e+00    
 6.657187e-01  5.977282e-01   8.090532e-01    
 1.340269e-01  3.019555e-01   9.206542e-01    
 5.032757e-01  7.629362e-01   1.888552e+00    
 6.498457e-01  9.463702e-01   9.274321e-01    
 2.711719e-01  6.938807e-02   3.747684e-01    
 3.490376e-01  9.143039e-01   2.752631e-02    
 9.875299e-01  1.740233e-01   8.059108e-01    
 3.992602e-01  7.856574e-01   1.011768e+00    
 5.623767e-01  7.012378e-01   5.707474e-01    
 9.866368e-01  2.243180e-01   1.001908e+00    
 4.299190e-01  5.160024e-01   9.371630e-02    
 9.646531e-01  6.576695e-02   1.020038e+00    
 7.053920e-01  6.249051e-01   4.549881e-01    
 6.306771e-01  1.531541e-01   6.215791e-01    
 6.493168e-01  8.355773e-01   3.540570e-02    
 4.044010e-01  7.995146e-01   3.191643e-01    
 3.124268e-01  6.310774e-01   1.182041e+00    
 5.447904e-02  8.694810e-01   1.455975e+00    
 1.655644e-02  7.440853e-01   5.833528e-01    
 7.564821e-01  1.037493e-01   4.548586e-01    
 4.879430e-01  8.732689e-01   1.158151e+00    
 4.212900e-01  8.132700e-01   1.390544e+00    
 4.412985e-01  4.706925e-01   1.762846e+00    
 6.451202e-01  1.462318e-01   4.247724e-01    
 1.259677e-01  5.360954e-01   1.679715e+00    
 2.399072e-01  2.233170e-02   2.966707e-01    
 4.756910e-01  8.780253e-01   1.726420e+00    
 9.961298e-01  7.573203e-01   1.771523e+00    
 3.686851e-01  7.159548e-01   5.714266e-01    
 7.894806e-01  2.054210e-01   8.596978e-01    
 6.288388e-01  5.593490e-01   4.926877e-01    
 6.565240e-01  1.323202e-01   1.026819e+00    
 2.739991e-01  5.873465e-01   5.368729e-01    
 7.842747e-01  1.486136e-01   1.546585e+00    
 5.199105e-01  5.867156e-01   1.037959e+00    
 1.405682e-01  3.159194e-01   1.722558e+00    
 4.334488e-01  5.946994e-02   1.771722e+00    
 2.559846e-01  2.875503e-01   4.478851e-01    
 5.912222e-01  5.643306e-01   1.731895e+00    
 2.196493e-01  3.012379e-01   1.174111e+00    
 9.020488e-01  5.237457e-01   1.337501e+00    
 6.768812e-01  9.529232e-01   1.247872e+00    
 4.578998e-01  6.477644e-01   1.957734e+00    
 4.214488e-01  9.757873e-01   1.037215e+00    
 5.428955e-01  3.791254e-01   1.698339e+00    
 5.455801e-01  8.151499e-01   9.714982e-01    
 1.161940e-01  1.434320e-01   1.569371e+00    
 2.689356e-01  5.567557e-01   2.714122e-01    
 4.245388e-01  5.763270e-02   1.593633e+00    
 5.595107e-01  7.713596e-01   1.990028e+00    
 8.956116e-02  7.213292e-01   1.994651e+00    
 1.080886e-01  4.567578e-01   2.661036e-01    
 7.038386e-01  3.062722e-01   1.286402e-01    
 1.737742e-01  1.925015e-01   1.340704e+00    
 3.870636e-01  7.026816e-02   1.362097e+00    
 8.561532e-01  9.709775e-02   7.837239e-01    
 3.759530e-01  5.155180e-01   1.788533e+00    
 6.418210e-01  2.032760e-01   1.377635e-01    
 8.001449e-01  4.230590e-01   1.784634e+00    
 9.919076e-01  4.008763e-01   6.813774e-01    
 3.167408e-01  3.642877e-01   1.231465e+00    
 5.974519e-01  6.852383e-01   1.947641e+00    
 2.803269e-01  1.739681e-01   1.843818e+00    
 2.602444e-01  3.750616e-01   1.289484e+00    
 3.164684e-01  1.924161e-01   4.663458e-01    
 2.198432e-01  7.943841e-02   2.477479e-01    
 5.375845e-01  6.888626e-01   1.440239e+00    
 9.388017e-01  8.223731e-03   1.163364e+00    
 5.563468e-01  6.893774e-01   1.521905e+00    
 8.242919e-01  5.276928e-01   6.830282e-01    
 6.828772e-02  2.640411e-01   1.988337e+00    
 3.854457e-01  7.862504e-01   1.739221e+00    
 8.519551e-02  4.837088e-01   1.689102e+00    
 4.658395e-01  5.992363e-01   4.163100e-01    
 5.170571e-01  1.580076e-01   1.488756e+00    
 4.890770e-01  6.496441e-01   8.351067e-02    
 3.348160e-01  4.333562e-01   1.971817e-01    
 6.809229e-01  2.712326e-02   6.416962e-01    
 5.248002e-02  3.695575e-01   7.677519e-01    
 3.358776e-01  8.906898e-01   4.762747e-01    
